1: 1
2: 2, 
   1 1
3: 3, 
   2 1, 
   1 1 1
4: 4, 
   3 1, 
   2 2,    2 1 1, 
   1 1 1 1
5: 5, 
   4 1,   
   3 1 1,    3 2,
   2 1 1 1,  2 2 1 
   1 1 1 1 1
6: 6, 
   5 1, 
   4 1 1,      4 2,
   3 1 1 1,    3 3, 3 2 1
   2 1 1 1 1,  2 2 2, 2 2 1 1 
   1 1 1 1 1 1
7: 7, 
   6 1, 
   5 1 1,        5 2
   4 1 1 1,      4 3, 4 2 1
   3 1 1 1 1,    3 3 1, 3 2 1 1, 3 2 2
   2 1 1 1 1 1,  2 2 2 1, 2 2 1 1 1
   1 1 1 1 1 1 1
8: 8,                     
   7 1,
   6 1 1,          6 2,
   5 1 1 1,        5 2 1, 5 3,
   4 1 1 1 1,      4 4, 4 3 1, 4 2 2, 4 2 1 1
   3 1 1 1 1 1,    3 3 1 1, 3 2 2 1, 3 2 1 1 1, 3 3 2
   2 1 1 1 1 1 1,  2 2 1 1 1 1, 2 2 2 1 1, 2 2 2 2
   1 1 1 1 1 1 1 1
9: 9,              
   8 1,
   7 1 1,            7 2,
   6 1 1 1,          6 2 1, 6 3,
   5 1 1 1 1,        5 4, 5 3 1, 5 2 2, 5 2 1 1
   4 1 1 1 1 1,      4 4 1, 4 3 1 1, 4 2 2 1, 4 2 1 1 1, 4 3 2
   3 1 1 1 1 1 1,    3 3 3, 3 3 2 1, 3 3 1 1 1, 3 2 2 2, 3 2 2 1 1, 3 2 1 1 1 1
   2 1 1 1 1 1 1 1   2 2 2 2 1, 2 2 2 1 1 1, 2 2 1 1 1 1 1
   1 1 1 1 1 1 1 1 1
      
1  1  0
2  2  0  1
3  3  0  1
4  5  1  2
5  7  2  2
6  11 5  4
7  15 8  4
8  22 14 7
9  30 21 8
10 42 32 12


1 1 2 2 4 4 8 8 12